character 0.47712125471966244 2 1 1.593512841936855
maintenance 0.47712125471966244 2 1 1.593512841936855
mike 0.47712125471966244 1 1 1.138223458526325
kurt 0.47712125471966244 2 1 1.593512841936855
peter 0.47712125471966244 3 1 2.048802225347385
flaw 0.47712125471966244 2 1 1.593512841936855
heard 0.47712125471966244 3 1 2.048802225347385
cool 0.47712125471966244 1 1 1.138223458526325
remembering 0.47712125471966244 3 1 2.048802225347385
laurence 0.47712125471966244 3 1 2.048802225347385
d3js 0.47712125471966244 1 1 1.138223458526325
made 0.47712125471966244 1 1 1.138223458526325
build 0.47712125471966244 2 1 1.593512841936855
document 0.0 2 1 1.593512841936855 3 1 2.048802225347385 1 2 1.138223458526325
originality 0.47712125471966244 3 1 2.048802225347385
bostock 0.47712125471966244 1 1 1.138223458526325
forgetting 0.47712125471966244 3 1 2.048802225347385
hear 0.47712125471966244 3 1 2.048802225347385
art 0.47712125471966244 3 1 2.048802225347385
human 0.47712125471966244 2 1 1.593512841936855
fine 0.47712125471966244 3 1 2.048802225347385
vonnegut 0.47712125471966244 2 1 1.593512841936855